8.479534 2.228864
9.066027 8.344434
10.40925 8.013623
7.668513 10.19191
5.867694 16.26554
14.79986 -4.73408
8.998274 20.59063
6.609077 11.98679
14.82364 12.47337
20.04003 19.0187
3.911734 -7.23845
15.75379 8.208004
2.580632 14.42084
7.940658 -6.73443
5.186066 0.541378
5.405694 17.73192
4.342512 4.535002
1.416574 -5.44549
8.255597 4.830044
14.22999 5.596681
7.479256 18.88176
5.616015 5.369609
11.15219 9.986036
9.199272 -3.17123
7.845366 2.827231
4.098245 -2.29481
2.789514 -5.03132
8.136552 14.84749
17.61415 12.7884
7.28573 4.620648
16.10911 12.17656
4.575136 19.47754
5.836526 13.24634
13.24662 6.570995
9.054624 -7.43508
15.18131 1.634555
15.23739 2.65874
10.05669 8.598532
9.093526 10.62131
5.395864 8.792563
5.819472 9.630518
4.87953 18.46812
4.587139 -2.23976
12.37318 14.86529
13.38032 26.50086
16.27328 12.50576
13.75544 27.20736
6.470547 2.198031
7.601223 12.63799
10.50038 10.81706
20.09003 -4.89375
9.363281 18.14221
8.796641 10.63757
4.753042 0.201754
16.90472 -1.97843
6.889639 -12.1818
10.03123 7.676626
5.258138 14.4072
10.27847 3.838142
8.754598 6.707096
9.41404 8.530156
16.95944 4.685053
12.32154 3.660096
15.24249 -1.7182
13.17683 4.371148
12.72638 12.86579
4.875327 14.60423
7.658267 -1.04517
12.17592 8.731159
6.085654 -5.14245
13.59806 2.442961
8.739004 1.047711
7.964744 -5.82621
14.90151 4.432825
6.781715 3.890299
10.77088 5.512271
9.938575 -5.44313
9.420418 -16.5359
7.458565 13.22255
2.98986 -5.02628
8.550095 4.614402
13.82562 -2.8744
14.99208 21.79492
11.93438 11.4169
5.28112 17.45622
15.73948 9.486332
9.086537 13.78447
0.259876 17.25909
11.35934 -11.8329
3.718874 -2.17699
14.55338 9.514229
16.84258 -1.63779
4.779739 8.469643
12.08501 11.96398
8.598645 -4.3721
13.26907 18.25297
11.00933 9.483618
8.2184 5.124647
10.04937 15.13974
5.195514 17.60103
3.223043 21.57726
7.205339 8.54324
11.35142 6.5312
11.78182 35.64783
4.169272 6.180876
9.63224 9.342221
9.595339 12.11745
9.600797 15.83752
4.809338 4.43907
5.725613 -6.08115
16.29497 -4.45702
7.490841 -5.47144
16.30789 2.894747
10.62061 9.723387
12.48954 0.536641
15.13615 14.20623
11.98591 4.7191
8.680543 16.01173
14.36565 10.06187
4.451109 -0.03042
10.24227 13.65538
8.540058 4.388982
6.046627 8.07976
4.056804 2.457263
10.56921 -6.46995
8.098382 15.01236
4.647756 14.33353
9.183647 13.70265
3.110375 -4.30772
11.69753 -11.9951
3.624774 9.692723
17.73458 4.741327
5.844082 7.283448
5.342331 31.79311
3.930817 11.90063
9.161897 10.5836
11.91294 4.97887
3.083575 15.22206
4.376565 7.997507
10.56591 4.055606
11.88246 8.754731
2.824987 2.719806
15.41692 -1.57742
10.46106 11.80627
16.51629 9.85841
14.02542 6.838702
8.620355 6.623976
11.63801 13.30339
5.802187 12.32385
2.924853 -8.96641
3.414574 4.524955
7.697585 -4.35332
7.532758 -16.3817
18.99492 24.15001
7.144872 10.26734
9.55816 4.790735
7.930449 9.107416
10.90389 17.57147
-0.41465 2.159772
5.502769 13.01692
6.022503 3.497121
8.353765 11.45697
13.54139 4.946632
12.23061 12.87491
7.340721 12.07648
14.03883 12.7727
12.02691 -10.0327
7.344774 11.02104
7.453506 21.7563
6.7165 12.28658
10.6562 2.525683
5.958204 -9.59724
9.08583 15.51115
17.88912 -5.96168
13.96157 1.873533
13.92129 -1.61899
6.860115 35.39092
11.47964 1.309387
7.567539 -4.07287
10.67353 14.12008
12.41177 9.61017
12.7023 12.94502
11.46515 19.40108
5.104325 19.41952
15.35472 23.24597
5.503673 5.256072
14.48798 4.243492
12.27149 9.482912
11.73672 7.79739
12.30426 14.45022
14.74311 3.643977
6.50868 26.47793
16.96556 33.52801
12.67791 22.71652
7.419726 -1.75832
14.81497 -1.63889
11.00579 13.52767
9.692244 6.69379
11.94229 5.712854
5.184168 14.36616
14.39309 7.419777
9.072207 7.064688
3.775037 13.6872
9.861406 5.36832
11.83662 4.381336
6.328375 -6.29117
6.460983 12.9004
4.25585 -3.71035
13.82156 6.022913
10.16507 2.57611
10.06366 19.82115
11.1332 -8.33308
7.94218 4.313784
10.083 -2.13978
6.658233 6.538132
7.335893 5.883081
9.780273 -13.4518
12.87231 22.39098
4.982177 23.40294
10.80873 -8.91707
14.0989 -9.12564
22.11138 31.53703
9.914221 -1.21189
6.160089 4.71195
13.65512 4.853376
15.98163 10.92366
13.1301 10.86062
12.15287 5.621359
7.374748 9.259696
4.98853 15.02324
12.27806 11.23247
9.454367 4.123604
7.154453 1.822839
7.6963 12.87182
5.914501 -9.97723
16.08123 -7.19407
13.89566 -2.47167
13.4332 9.835472
9.151577 5.909937
5.299229 22.11404
12.21957 -3.03594
4.113951 22.41972
10.91408 -6.75544
5.610325 3.95556
11.10882 10.55316
9.847108 17.96451
9.919098 -8.65125
8.715961 1.882835
5.785175 7.092394
4.809332 5.488367
9.355258 -11.797
6.564585 4.160991
13.30141 6.565319
12.35113 19.84052
14.09705 -14.6334
9.866997 10.82158
2.157403 1.459968
9.436925 8.438786
11.37434 11.21256
11.53731 22.06538
8.51407 23.20326
11.23363 0.497514
8.402265 9.191211
12.43865 15.16902
10.22328 8.394194
13.3316 18.42905
3.954799 4.602474
12.24865 -1.5534
11.61335 7.720967
10.76601 12.43283
10.96152 4.994252
10.18744 25.184
7.589001 7.071344
16.66928 29.0735
1.297311 6.378321
-3.07421 22.02256
12.18328 8.093221
7.739558 -3.6904
15.96673 -11.5807
14.86312 6.491914
10.39058 4.978828
12.34327 6.739651
13.58923 6.424355
14.9887 -15.8188
7.947263 -1.7107
19.22662 11.02809
8.189428 0.17177
15.35884 -0.08405
11.1813 12.22541
4.6089 -3.78165
17.39903 2.980705
9.124549 6.543147
12.9802 6.767066
14.00181 -5.25579
11.66302 2.254395
9.236894 -4.09727
13.18105 6.491105
11.71308 1.10774
15.60142 1.07115
3.906675 -7.73168
5.83066 16.70984
13.25563 4.434916
7.756121 16.65
2.927379 1.558056
10.85369 -5.1529
13.58883 1.436718
12.69422 -5.37549
4.969269 2.833824
14.02167 1.487441
11.14079 -2.63148
2.159068 7.009755
11.53226 14.90598
12.65555 7.231537
5.517402 14.50863
9.485167 8.641986
17.17464 -11.5542
6.976189 0.751916
10.56196 -7.66093
10.48429 -1.27901
6.709627 14.18464
14.45003 2.234053
8.367222 -13.0347
7.185392 16.68098
19.59635 8.989145
3.633605 -5.23917
8.5193 1.839119
10.84489 -2.13559
11.29789 -6.84202
14.626 12.22404
5.269457 9.373814
7.018606 9.14274
6.180629 3.322941
12.46465 10.07159
15.34676 -10.2565
15.42684 10.66911
7.738346 -0.75207
11.90378 32.01607
8.91035 0.108541
7.111993 30.0923
15.00535 4.423188
9.213472 -5.70206
14.68577 23.53229
13.68139 8.395499
11.57216 -9.68701
11.71835 -14.6143
6.234513 13.33999
4.493736 -4.20815
9.629907 -4.92774
7.873171 34.00733
5.588544 6.455537
15.65811 -11.593
6.691776 6.291652
15.91562 22.4076
10.49173 2.500919
11.73287 28.44567
12.83154 21.1279
12.84717 10.72965
11.02099 -5.85009
9.564235 10.32946
13.93412 12.22991
4.712267 13.30938
12.1124 4.340602
8.182699 -4.99332
11.65195 -6.89576
11.58948 -13.1027
17.55345 12.88993
13.77073 14.53823
5.518135 11.12406
12.80337 22.11327
10.2497 10.31577
15.77914 13.00275
9.510839 9.69554
4.738913 8.847894
4.548507 1.976125
10.57827 28.62556
7.984551 16.12936
5.724905 0.124035
4.361806 0.743012
10.46903 9.589461
15.37234 4.820259
13.4669 5.450665
8.600001 11.12761
11.29623 6.271339
8.546832 13.43942
5.883664 6.516317
10.7336 13.65956
1.729373 23.61241
14.65304 6.298952
12.97499 0.340521
9.317258 -1.37068
13.54228 1.153381
7.990014 10.25456
10.01356 -9.36819
5.641481 7.447489
13.20833 -5.18216
11.46439 11.27866
8.39028 8.586606
11.75999 6.540978
8.667183 11.24816
3.292099 31.8966
11.3569 11.99136
12.15703 3.16437
13.32359 23.30416
6.740368 -1.25037
9.254494 4.730826
10.24369 6.500788
7.599244 9.704852
7.782417 21.43386
14.51852 4.815676
7.927847 11.76573
11.48363 14.82405
17.81219 -10.0278
13.97207 16.63185
12.36398 -6.92825
9.201512 -0.0149
9.276199 15.86594
1.303369 3.994358
8.940402 17.32223
4.35166 18.16441
7.901534 16.0742
12.30566 -5.35316
11.11135 14.98583
3.936207 2.486425
13.61937 16.44332
9.484213 1.508328
7.018246 0.465688
5.997249 12.26589
9.989386 -0.54687
9.951449 -3.50937
5.497365 17.79944
3.450181 1.586565
8.875138 3.99688
10.67796 20.35861
12.92398 -8.4657
5.925749 -2.7853
12.51349 -1.17483
8.017592 4.739374
13.88895 8.332285
16.01383 16.353
12.39124 5.426567
9.215222 1.542864
14.8426 21.03768
10.30821 22.51042
3.618437 7.367977
14.3854 4.585822
12.37889 -15.9022
7.198706 -2.13076
11.1829 14.0313
20.06263 -9.30321
17.02021 -9.20168
15.17856 9.154056
18.03133 -5.94812
6.641415 5.832633
5.571634 10.03981
9.597971 9.491775
8.180148 6.111409
10.08456 17.45533
7.558553 2.254123
1.997506 1.666149
9.201229 7.719191
9.868619 7.635157
13.703 -3.64206
6.855168 10.21458
7.598558 5.580908
11.35553 8.984924
7.90991 -5.1484
10.92355 8.053082
5.584052 17.48837
9.047678 -17.064
14.23724 -3.25311
11.72209 24.116
11.85859 27.71192
10.12266 -2.22583
6.071849 -5.73929
3.908991 10.8716
4.200029 -5.84698
16.96499 -5.1043
1.238364 7.088546
15.76672 2.184628
7.094768 1.852873
11.22782 4.97546
18.58939 4.710301
10.43012 10.36512
5.664829 9.734711
15.97005 11.75932
7.219913 1.531494
8.649418 -0.54292
9.360197 5.188689
14.28526 -5.98402
2.916772 9.71283
7.838472 8.039838
10.60828 5.525232
11.74404 11.79074
9.227588 4.89954
4.313467 -2.95387
7.016826 -4.30861
6.409199 -14.6597
8.852691 13.06543
14.79606 4.191895
7.945847 15.05878
7.953692 26.72008
10.31907 2.55782
9.401674 19.07876
14.89953 1.342025
6.543777 5.361105
11.5228 -6.44274
10.22876 12.00786
12.67202 24.42312
8.922205 14.06841
8.543577 -16.9906
9.450969 16.96529
12.15516 -2.46127
10.55458 -7.89933
6.881625 6.742061
10.40885 -0.49713
8.517162 21.0652
12.71546 21.22861
7.623352 10.14762
4.806012 -6.27943
16.58223 16.30133
7.269012 9.67581
6.169294 -4.09549
8.457438 2.602689
11.96806 9.725554
7.527522 3.340591
11.46801 3.628584
8.200564 -12.2545
16.81491 -6.41393
5.266047 12.7555
6.912424 -4.87233
15.83187 7.102173
8.753182 14.23698
17.84621 23.17352
8.339947 12.18593
3.201255 8.547079
11.53474 8.101851
2.70732 -3.16771
10.25182 6.5828
16.1346 16.64409
9.532856 6.044172
9.161117 7.820601
10.9848 -9.73548
17.46487 -1.91432
9.843889 -4.01759
7.046866 23.17638
12.69894 -10.6592
4.789586 0.701098
7.079408 -5.59047
9.894827 30.91962
3.091555 -0.8921
2.021343 -2.82147
6.483572 5.177367
10.16897 -10.476
9.26452 -11.9226
11.68484 3.030823
10.41979 -3.91858
10.25769 -1.84053
9.173843 4.471116
9.803543 -3.60184
19.07123 2.598262
12.53913 -7.37678
12.14858 9.899145
9.513237 11.84245
7.676847 -15.3779
16.1303 17.14027
10.8716 10.11341
9.513779 12.52649
5.58901 13.73503
0.90055 15.02651
10.78458 7.192428
4.284313 7.044899
10.53991 -0.01406
8.215503 5.083606
1.620343 21.78819
12.71512 -4.3906
14.01141 51.99073
14.55688 35.98654
9.464964 62.54111
16.2818 45.10291
18.17646 51.04656
13.98627 44.01565
17.63932 36.10248
12.21546 45.96789
16.67661 61.75927
12.26858 35.22411
14.80639 50.38198
13.71119 60.30118
18.52442 54.22335
13.84172 44.71081
14.30923 38.72082
13.20917 68.37085
16.22538 50.07503
16.27002 56.36204
16.62552 49.30514
14.76613 41.79563
13.88744 59.9614
12.73012 62.38885
17.15022 55.84782
14.70796 47.71065
17.76504 46.78751
14.0252 50.65375
12.47025 47.06117
15.83706 44.78204
10.37278 43.37249
12.99371 46.45681
18.66708 54.49439
16.24075 48.47552
20.79285 57.27506
15.20066 58.1466
17.54286 50.22515
14.64214 57.71709
15.98305 50.57546
16.68896 50.96299
13.31707 70.67279
14.95993 58.07309
12.36738 65.68577
12.11006 41.72474
13.46399 61.81842
16.96301 45.61611
15.59042 54.52381
15.46601 63.52563
12.68321 44.55194
12.888 42.50468
16.15319 58.57391
16.83083 48.61652
10.64034 43.43564
10.88379 41.99376
15.80402 43.25383
13.25185 54.15036
15.35534 47.79907
15.56101 55.26109
17.16464 43.2615
9.571152 53.77458
9.237993 50.64776
13.22027 68.14887
13.10193 55.34503
15.5278 36.85462
17.65367 50.01901
14.35636 55.80089
14.93835 54.31009
14.41973 44.16314
19.49616 52.33167
18.08311 56.93488
19.08164 35.90319
18.40909 45.37133
20.54072 45.7959
9.620424 57.25934
10.1559 61.01809
14.44244 55.70568
18.51372 51.7464
12.36914 51.70653
9.803728 57.15721
20.44568 43.26329
14.86502 56.91729
17.86168 54.10689
17.63076 54.7246
18.45247 35.7776
15.43583 46.63033
10.86765 48.66639
19.6425 36.84551
16.28607 53.25467
10.76029 40.57146
14.04688 45.9928
11.50363 45.53067
14.8826 54.50226
12.85041 44.46634
14.6081 51.04454
15.55634 47.88992
15.36654 40.1977
12.16243 42.55778
13.49038 57.10382
17.35438 36.36019
18.28959 44.4078
15.16409 40.35466
13.37892 43.99859
16.84329 45.2287
15.34489 49.86543
16.06027 60.40196
12.73194 51.726
11.66924 41.57976
16.62813 58.19695
17.57152 57.15358
6.146517 45.03877
18.72179 56.07012
14.93901 34.48013
12.2621 56.61292
17.66934 45.00239
11.46795 45.98914
17.45572 36.99775
13.78667 58.65737
19.77446 53.56896
12.09239 49.54496
18.30805 52.14965
13.89814 63.90268
14.12604 42.24475
14.32864 55.81153
19.05296 64.67603
19.29523 48.65191
17.84288 49.261
18.62099 44.31459
13.19127 48.16146
17.69086 48.22243
12.38178 41.90535
16.34722 54.94886
15.57418 46.50291
14.86444 54.19184
13.74487 55.86439
15.09494 45.99206
14.06547 43.83339
13.75993 54.15201
16.35475 56.75887
11.22517 52.59798
15.37074 36.37051
18.37358 52.73075
10.41824 45.11764
14.03841 50.18802
13.25781 70.26049
8.280111 50.8546
15.4351 64.09421
18.44093 55.02525
18.77283 57.98049
13.96239 48.08598
17.46097 54.58039
19.27359 50.63828
9.867625 42.13298
12.85087 58.54112
13.68724 43.3281
12.29677 48.45835
11.52909 51.20635
13.38997 48.68862
18.27606 50.6229
15.76798 55.67642
11.65907 44.11767
11.83735 65.29833
12.13211 38.22367
12.71136 51.14837
15.44292 58.49302
9.931994 42.813
15.53413 45.9981
16.81594 43.42118
17.31155 48.23673
13.91269 53.0549
19.04168 57.86322
11.99762 66.71805
13.8447 53.4729
11.57362 35.47316
12.22626 58.78596
20.66858 50.3982
18.96535 63.41836
17.85996 47.92598
14.35637 42.34285
16.85724 29.91719
14.21699 37.70307
15.17475 42.66991
14.4877 45.98691
15.42665 55.54238
11.62162 51.19506
11.71857 47.96953
16.65261 62.23172
17.08694 53.71827
13.93389 39.82682
11.07276 52.10975
19.28479 59.14535
16.7203 53.97181
8.84973 41.47633
10.63018 43.40225
17.84601 63.02345
13.69661 59.12402
15.47797 47.04318
13.18047 39.83671
14.67385 64.73649
16.62315 54.55794
16.90844 49.48733
9.489055 41.49066
15.19012 55.68641
15.75321 47.07693
20.4348 51.21412
23.01277 54.63216
9.274916 55.14779
15.26868 45.20441
15.52841 51.79284
14.67369 44.80497
16.11823 50.40215
15.72529 45.42314
16.79366 44.20377
13.26963 54.31884
13.34796 36.72888
21.25953 55.75752
13.83168 51.10226
19.48674 47.8594
17.15843 55.28261
10.43683 52.67458
8.550645 57.27744
8.392078 54.07165
14.42355 54.71233
14.62381 54.68391
13.86335 41.82591
15.68988 44.39214
14.08029 43.90368
19.61424 53.41827
14.39942 54.52304
17.24639 60.42146
13.42832 50.97988
16.86622 47.45151
15.35957 64.32637
11.39849 48.27888
14.88864 56.1432
18.85982 41.42946
16.43427 51.63424
19.64888 64.31242
10.89838 52.99519
17.93236 47.62669
15.28213 45.82955
11.88974 51.73175
13.38509 44.1157
15.89931 34.1882
13.93373 46.07649
12.22985 50.4625
12.4479 47.08473
11.84339 62.64957
16.21562 54.4648
13.52092 48.36127
8.442936 50.75902
17.84692 51.16878
20.37045 52.98983
12.32722 62.76233
9.092613 70.80959
16.22651 51.85075
8.43374 57.25363
19.77109 46.82745
23.27577 66.20995
11.19852 33.48641
13.76661 40.01491
13.12699 49.32425
14.82354 43.69564
16.64296 47.45954
16.80353 43.81599
12.67178 49.86705
16.78411 57.13497
15.28998 56.06969
18.59258 57.58336
11.5649 48.17166
14.19415 43.29531
9.374854 61.29328
18.11628 33.76812
9.34949 53.76344
15.24829 57.82514
15.30056 47.99567
21.77197 43.60547
10.55204 35.3223
16.14354 45.45616
15.20882 36.67291
12.07877 43.2699
18.54121 68.17323
19.05194 50.37378
11.0522 56.19857
13.10321 60.33945
16.75249 54.58068
15.42654 39.26941
15.6291 60.79276
17.53858 51.1178
15.7042 51.94573
11.94695 32.63863
11.35705 47.61838
13.80211 54.6699
17.65904 39.15441
18.96069 54.26916
15.95584 48.05574
16.41964 52.00393
18.72942 55.68188
18.6994 53.11158
17.03243 43.41664
12.45432 52.94059
11.39611 45.04768
15.07188 45.48121
12.14492 45.06759
18.28683 53.45722
22.15247 44.55433
12.29444 45.91878
14.35789 43.74659
11.3725 62.44685
11.63369 46.69326
10.30509 47.4258
14.43086 52.41969
12.8104 38.3446
16.12977 52.79593
13.30041 54.7111
12.82978 55.49578
9.050292 62.23144
8.63593 56.43943
12.08207 58.48012
17.14073 44.62003
12.07531 46.50619
18.90238 57.77786
17.06995 49.52896
16.15461 42.12302
14.59756 48.07719
15.89645 55.32509
18.69307 46.46303
10.36425 52.77814
14.07683 62.34812
18.30982 47.78904
16.59816 55.4102
15.45786 60.22795
17.56825 47.65136
11.77346 42.16146
14.0351 56.401
19.86665 47.65016
16.02852 47.73396
18.3573 46.14034
13.45888 46.87445
11.93124 13.98331
12.88648 3.712514
1.983607 29.09601
3.397866 37.00937
4.206444 52.04852
7.630209 38.11609
-0.04896 28.61966
10.73462 11.98238
8.508624 38.78413
2.430237 11.13627
4.608322 28.26971
10.23174 17.41537
5.048268 35.76656
17.85132 22.61254
2.222931 37.41152
16.20387 23.45908
13.83317 26.53361
1.825963 29.30257
15.25206 38.63399
9.470172 28.54364
8.743577 14.89368
-8.37027 41.39675
16.74808 0.499751
4.96111 32.25423
10.26944 30.00253
9.349376 45.44674
6.309656 49.24992
7.361688 18.23242
-3.58147 32.63026
10.02617 -15.3888
17.36116 -6.82957
0.694165 28.95372
17.08596 35.67408
24.28517 43.68509
1.89135 44.75549
3.994411 -2.09975
12.82917 36.85176
16.933 49.47898
10.49732 34.54421
6.911934 6.220733
13.22258 16.50077
19.66092 21.28322
-4.80496 20.4292
-2.04381 10.6449
12.70139 28.4949
6.429389 42.21596
6.406734 44.61676
5.741486 18.832
-9.04804 31.79254
16.25797 45.02973
8.793988 38.2087
-0.9052 32.99958
7.122099 32.74305
-0.21383 32.4278
2.376297 17.07515
-4.82174 23.59992
17.90974 44.54468
0.717913 24.6095
6.501138 39.96064
2.647082 41.87702
4.724735 -4.83986
12.22587 28.01644
-1.575 47.31737
7.565909 27.88759
4.341459 58.03648
-3.79198 14.2059
11.29008 12.81387
-3.06315 28.58772
-6.97013 15.34757
6.092358 9.077122
13.83161 -3.70967
13.26141 32.84503
-7.94025 -3.80104
15.21042 25.22092
-0.75648 7.377238
-3.26778 25.26261
14.5943 49.15104
13.37285 39.09874
3.303651 12.01258
-1.46017 19.47845
12.98592 18.59461
10.19857 17.20565
3.462817 -4.06381
9.316379 41.64385
0.850876 27.56641
9.43155 5.399186
1.431806 30.19757
6.913852 40.11859
-0.7414 22.56605
-6.06939 5.337436
7.353834 22.10985
21.37017 17.4561
3.393157 37.62494
-8.73841 45.70866
9.808033 23.59536
6.534375 29.13709
9.941774 28.41975
11.07616 28.34322
5.340567 38.11637
-1.22769 41.06726
6.397234 17.62291
9.272723 20.58677
-7.43215 43.04153
14.86283 18.29203
6.709065 37.21883
6.103207 29.77119
10.75864 14.39134
19.29274 49.11186
-3.16656 17.85955
2.418102 36.98657
13.46769 12.48685
10.41809 34.6746
7.344787 40.50951
-0.29137 33.35991
-2.27587 30.02585
4.936562 30.16856
6.875547 18.11842
1.441585 -8.50913
4.302826 27.1982
16.05841 6.350108
13.68162 12.91212
-20.905 27.85433
6.00248 26.04689
22.2386 32.19288
15.23802 35.83503
-1.54727 23.59836
-1.6031 6.779006
-3.43562 38.67871
6.973887 22.87268
13.37514 29.43662
6.666855 18.56572
10.81049 6.542626
7.333034 48.92648
21.54304 44.32823
0.211534 27.40074
16.03437 40.28857
-2.02223 14.86223
1.984693 26.51879
11.34654 16.51527
4.09544 31.3921
0.591693 18.99528
1.160422 6.660386
16.56637 21.65703
5.910906 27.55147
8.386588 46.39086
-4.44132 31.76002
10.04764 36.96867
17.76812 50.9701
9.666717 14.47107
14.66282 25.06316
9.478559 14.8223
-10.2472 30.70434
0.301477 13.86568
10.94797 38.76633
3.55109 28.03201
-7.1381 13.61087
-3.43995 28.48188
-7.76687 44.8134
-0.37898 16.49526
-0.50816 42.20029
22.37896 29.3448
0.879392 -0.18934
16.8001 17.08056
8.265087 16.40605
3.372209 42.9928
11.1933 -0.53557
5.386181 19.95793
6.54197 4.887337
-5.37718 36.46586
2.77787 46.8807
10.22459 6.695619
9.37892 31.20769
6.364062 18.14289
7.248701 -4.41564
-2.01012 5.832053
2.826798 21.03682
12.75499 24.1642
11.52972 22.12798
3.054624 47.61748
8.954443 18.01035
18.41439 27.97445
24.4307 39.73315
11.0918 5.909446
9.217414 27.385
11.97524 29.78693
14.46153 12.37309
6.593182 -4.87957
8.170429 9.060458
-4.91781 16.55203
-2.26087 37.43974
-2.93281 38.94441
6.370977 37.38156
-1.32945 43.67798
8.403571 16.7084
0.353437 19.89003
18.95341 27.54422
15.48328 2.065317
4.905897 1.48508
6.475094 -6.51601
6.596447 49.36094
-3.465 32.94055
1.553843 25.39642
8.553347 38.5449
1.473917 15.07644
8.628887 10.04698
7.389398 1.024127
12.41512 28.67207
5.966964 19.54509